555555'510.
ἲ 11111 11111 11111111

,911 10111111111111111111111 11111
1111111111111111111111111111,1111111-
1111111· 5 111111111111111111, 555 5555
11, 11111111111111μ111111111111111,
1111111111· 111111111111111111111 1111111111·
1111111.; 1111111111.

1111111 1111111 11111 11111111 1111111111
111· 11111111 55. 11 1111111 1111111111, 111111

1111111 11111111111111111, [5515 1111111111

11111111 55555555 55555555525 5555

11 1111 1111, 1111111111 111111 11111111, 1111111-
1111111111111111111111111111111111111111111
1111111111 1111 5555 11111111 1111111111
111111 1111111 11111111111111 1111111111, 1111111111·
111111111111111111111,1111111111 1111111111,
11111111 1111111 11111 111111111111111111 11ἢ

Γ11111
555 ,1111111 11111111 11, 1111111111
1111111111, 1111111111111111111111
111 1111111111 11111 1-1
1111311111111111
’111111 11111 [3
²⁴²5? 11111 ’11111111111111111, ,1112
11111111

 

