1111111111 3

111Ὦ Μ 11111 11 111111 usu 1111111111 san
1111 1111111111, 11111 1111111111
‘33:333ss ,5:333313 111111ωὲ111
Ψ *333 3 , 11111111 11111111 1111111 ob
1 11111... 1111111111 11 1111 1111111111 1111
11111111111111111111 1111111111
11 11111111 3 11 11111111111111, ‘1¹¹³ae
111111- 11111 11 11111111, haud 11111 ac lac
[33 33133333 330 1111111· ,
11111111 1111111111 333ae manna 11
1111111111 11111 1111 1 (1111111 111114
1111111 1111111111111 1111111111
’ 3 33333

2. . ..111111111111111
1111111 11111111 11111111 11111
11111, 11 1 ’111111 111111 11111111
’.11 1111111111 11111 1111111111
1 111111 111 1111111111 1111111111-
” ’ ..1111111111111111111111
1111 1111111111, 111111 1111111111 111-

A: 3333333.

 

