70 111111011111111111 »

1111111111οά 1111111111111,1111111 ²
111111111118111,11111111111 11111111·-
1111111111111 111111 11111,111111
111111111111111111111111111111111111 1111
» 1111111111, 11 1111111111 1111111111ξ
11111111111111111111111, 1111111
,1111111111 1111111111 eodem 11111111 11
111111111111111 1111111 11111 1111111
11111111111111111 111111 11111111
1111111 1111111111 1111111110 co 11·
11111 111111 11111111111111, 111111 1111111111
’11111111111111111111 11111111111111111111111111
1111111111 11111, 1111111111111111 111111
111111 1111111, 1111111111 eo 11111111 1111111
1111111111
Q 111111 11111111111111111111111
111 ,1111111111
11Ε111101111111Ὡ (111611, 11111ἷ11111111111011
1111111111 1111111111111111111111111·
1111111311· 111 11111111111111111131111-
1111111111,11111111111111111111111·
1111111 11111111 11111111111111111
1111111111111111111111181 1111-
1111111111111111111111111,1110111111111
1111111 1111111 1111111111 1111111111ρὲ0

mu·

 

