46 11111101111111111

111111 1111111111, 1111111111, 1111111111
666 1111111111 quandam 1161111611
666 1111111111 111111 particuli-6 11
6²66 1111111111 stagnantis 11111 11111 1111116ψέ
Ξῗῆἶ1111131 ⁴ 1
131111 11111111, 1111111111111111111
1111111. 3 1,1111111111111 1111111111111111
666 6666666666 666666666666 1111 6
11111111111111111111111111 1111111111 6666}
111111 11111, ,11111111 1011111111 ³
666 1111 1111 11111111· , 11111 666666666, ]
1111111111 [111111 1111111166 11111111

111111 11111111111 1111 111111 11111111 111 6³66>
666 6: 1111111111 11111111 111 111111 066
111111 11111111 11111111111111

 

