D E D 1 C Α Q 1 O,
Ρε1111111131,1313 1311133113

11111111161111111111 1311333
131 Ρῗῖίιῗμ
1111111113 1133311 13111133ἰὲΙ
11113313131311,1113113111(33ψ
13131313113131 QQQQQ unQQQ
311111133113111311111)3311113131-
1131 1331111113 1311133113 11113-
11111, ac 31113, 113 11331111 113
13131113 133133111131133113133
1111311111 313,13111131133131133
3313311113131133113313111
111113 31133131311133313
1111113131 13131 13”1113 1113 ’3131111
3311111113, 113133 1131111331
(1113311131 111113 13113111 313
13111133, 1111311113, 113613-
3311111 1131131 313,
3113113331,

 

