33 333313 0111111111

111111191111111111111111111 33
2333· 1011111111111111011011111·
330, nec 1111111111 911 911111
3333 1111 1111111111 111191111-
3303333 111111111 111111111111111,,Ἰ
0111111 111111 333 3333
9110111111 91111 333 11111111 ,g
3333, 333. 1 dolor, 333 3333* ’
11111191111111 11111, 3333 333, 333„
33333333333333333334303323 .
111111,11111111, 333„
33333 1111111
3333 3333 1111111111 3333 1,
90111111 323303333333533 1111111
91, 1111111111, 30333333333 3333 -
11 333333 3,33 333 *3333 3333
11111111 1111111 011111111-111191111, Ξ
11111111 11, 11111, 3303 1911 3333 33 ,
111111, 33²⁴ 1111111111 111111 333 -
3333333333333333033 3333 .
³ 30 1111911111 ,1111111101 1111111131.
* 0333 ’11111111 33333333333 11111111 1:
¹ 3333„ 3333 motus 333 1303 3 ,2233

91111 111111 11111111, 1111111 333 33

 

